0	0	0.1881720430107527	0.23118279569892472	0.25268817204301075	0.3279569892473118
1	1	0.23979591836734693	0.1989795918367347	0.3010204081632653	0.2602040816326531
2	2	0.1618705035971223	0.16906474820143885	0.44964028776978415	0.21942446043165467
3	3	0.205	0.165	0.215	0.415
4	4	0.211864406779661	0.2796610169491525	0.211864406779661	0.2966101694915254
5	5	0.17857142857142858	0.20918367346938777	0.33163265306122447	0.28061224489795916
6	6	0.2246376811594203	0.21014492753623187	0.26811594202898553	0.2971014492753623
7	7	0.14795918367346939	0.17857142857142858	0.1989795918367347	0.4744897959183674
8	8	0.18041237113402062	0.18041237113402062	0.31443298969072164	0.3247422680412371
9	9	0.16292134831460675	0.19662921348314608	0.20786516853932585	0.43258426966292135
10	10	0.45202952029520294	0.14575645756457564	0.17158671586715868	0.23062730627306274
11	11	0.31976744186046513	0.29651162790697677	0.1686046511627907	0.21511627906976744
12	12	0.164	0.364	0.14	0.332
13	13	0.2867647058823529	0.3014705882352941	0.18382352941176472	0.22794117647058823
14	14	0.22894736842105262	0.10789473684210527	0.4921052631578947	0.17105263157894737
15	15	0.4109375	0.0953125	0.4140625	0.0796875
16	16	0.22916666666666666	0.22916666666666666	0.24305555555555555	0.2986111111111111
17	17	0.12916666666666668	0.2625	0.2625	0.3458333333333333
18	18	0.23563218390804597	0.23563218390804597	0.28160919540229884	0.2471264367816092
19	19	0.4095127610208817	0.07540603248259861	0.44895591647331784	0.06612529002320186
20	20	0.27976190476190477	0.25595238095238093	0.24404761904761904	0.22023809523809523
21	21	0.19014084507042253	0.24647887323943662	0.20422535211267606	0.3591549295774648
22	22	0.1488095238095238	0.3353174603174603	0.2996031746031746	0.21626984126984128
23	23	0.4166666666666667	0.1865079365079365	0.25793650793650796	0.1388888888888889
24	24	0.42272727272727273	0.2772727272727273	0.15	0.15
25	25	0.14763779527559054	0.3484251968503937	0.23031496062992127	0.2736220472440945
26	26	0.474609375	0.130859375	0.197265625	0.197265625
27	27	0.23648648648648649	0.23648648648648649	0.16891891891891891	0.3581081081081081
28	28	0.21363636363636362	0.20454545454545456	0.2681818181818182	0.31363636363636366
29	29	0.26811594202898553	0.2391304347826087	0.18115942028985507	0.3115942028985507
30	30	0.17338709677419356	0.2540322580645161	0.13306451612903225	0.43951612903225806
31	31	0.3227848101265823	0.2974683544303797	0.2088607594936709	0.17088607594936708
32	32	0.21710526315789475	0.20394736842105263	0.375	0.20394736842105263
33	33	0.1722689075630252	0.4579831932773109	0.14705882352941177	0.22268907563025211
34	34	0.20454545454545456	0.2803030303030303	0.20454545454545456	0.3106060606060606
35	35	0.09663120567375887	0.10904255319148937	0.5186170212765957	0.27570921985815605
36	36	0.41044776119402987	0.2960199004975124	0.10199004975124377	0.19154228855721392
37	37	0.2661290322580645	0.28225806451612906	0.20161290322580644	0.25
38	38	0.2358490566037736	0.2358490566037736	0.29245283018867924	0.2358490566037736
39	39	0.25671140939597314	0.36073825503355705	0.18959731543624161	0.1929530201342282
40	40	0.3788659793814433	0.2809278350515464	0.2190721649484536	0.1211340206185567
41	41	0.2721518987341772	0.2721518987341772	0.1962025316455696	0.25949367088607594
42	42	0.22602739726027396	0.2945205479452055	0.19863013698630136	0.2808219178082192
43	43	0.211864406779661	0.2627118644067797	0.2288135593220339	0.2966101694915254
44	44	0.23148148148148148	0.28703703703703703	0.25	0.23148148148148148
45	45	0.20121951219512196	0.4695121951219512	0.1524390243902439	0.17682926829268292
46	46	0.21428571428571427	0.2619047619047619	0.1984126984126984	0.3253968253968254
47	47	0.22727272727272727	0.2636363636363636	0.2818181818181818	0.22727272727272727
48	48	0.06343283582089553	0.13308457711442787	0.09328358208955224	0.7101990049751243
49	49	0.23148148148148148	0.23148148148148148	0.25	0.28703703703703703
50	50	0.3474576271186441	0.211864406779661	0.211864406779661	0.2288135593220339
51	51	0.11144578313253012	0.44879518072289154	0.25	0.1897590361445783
52	52	0.22916666666666666	0.2013888888888889	0.2847222222222222	0.2847222222222222
53	53	0.11214495592556317	0.44123408423114596	0.06709108716944172	0.3795298726738492
54	54	0.21875	0.24375	0.16875	0.36875
55	55	0.23660714285714285	0.18303571428571427	0.34375	0.23660714285714285
56	56	0.16228070175438597	0.2412280701754386	0.11842105263157894	0.4780701754385965
57	57	0.22727272727272727	0.2818181818181818	0.24545454545454545	0.24545454545454545
58	58	0.21641791044776118	0.21641791044776118	0.3358208955223881	0.23134328358208955
59	59	0.15073529411764705	0.1875	0.15808823529411764	0.5036764705882353
60	60	0.25	0.25	0.21551724137931033	0.28448275862068967
61	61	0.26875	0.26875	0.20625	0.25625
62	62	0.2636363636363636	0.22727272727272727	0.2636363636363636	0.24545454545454545
63	63	0.21363636363636362	0.21363636363636362	0.35	0.22272727272727272
64	64	0.2578125	0.2421875	0.2265625	0.2734375
65	65	0.15816326530612246	0.15816326530612246	0.29081632653061223	0.39285714285714285
66	66	0.23313782991202345	0.4002932551319648	0.20087976539589442	0.1656891495601173
67	67	0.2777777777777778	0.2474747474747475	0.17676767676767677	0.29797979797979796
68	68	0.23148148148148148	0.26851851851851855	0.25	0.25
69	69	0.2848101265822785	0.2468354430379747	0.2721518987341772	0.1962025316455696
70	70	0.21153846153846154	0.3269230769230769	0.1858974358974359	0.27564102564102566
71	71	0.21641791044776118	0.2462686567164179	0.23134328358208955	0.30597014925373134
72	72	0.211864406779661	0.2288135593220339	0.2288135593220339	0.3305084745762712
73	73	0.26063829787234044	0.26063829787234044	0.30319148936170215	0.17553191489361702
74	74	0.15546218487394958	0.19747899159663865	0.1722689075630252	0.47478991596638653
75	75	0.14673913043478262	0.32065217391304346	0.16847826086956522	0.3641304347826087
76	76	0.20786516853932585	0.3539325842696629	0.1853932584269663	0.25280898876404495
77	77	0.24545454545454545	0.2636363636363636	0.2636363636363636	0.22727272727272727
78	78	0.23684210526315788	0.2543859649122807	0.2543859649122807	0.2543859649122807
79	79	0.30952380952380953	0.16233766233766234	0.37012987012987014	0.15800865800865802
80	80	0.21875	0.29375	0.23125	0.25625
81	81	0.18902439024390244	0.16463414634146342	0.3597560975609756	0.2865853658536585
82	82	0.25	0.25	0.23148148148148148	0.26851851851851855
83	83	0.46261682242990654	0.17289719626168223	0.1822429906542056	0.1822429906542056
84	84	0.22142857142857142	0.22142857142857142	0.25	0.30714285714285716
85	85	0.3203125	0.2421875	0.1953125	0.2421875
86	86	0.15	0.15	0.21666666666666667	0.48333333333333334
87	87	0.21223021582733814	0.38489208633093525	0.11151079136690648	0.29136690647482016
88	88	0.2534246575342466	0.21232876712328766	0.23972602739726026	0.2945205479452055
89	89	0.2636363636363636	0.2636363636363636	0.22727272727272727	0.24545454545454545
90	90	0.24479166666666666	0.234375	0.296875	0.22395833333333334
91	91	0.20707070707070707	0.20707070707070707	0.4090909090909091	0.17676767676767677
92	92	0.38580246913580246	0.1697530864197531	0.23148148148148148	0.21296296296296297
93	93	0.1228287841191067	0.1501240694789082	0.5719602977667494	0.15508684863523572
94	94	0.24166666666666667	0.24166666666666667	0.20833333333333334	0.30833333333333335
95	95	0.24380165289256198	0.16942148760330578	0.16942148760330578	0.41735537190082644
96	96	0.2672413793103448	0.21551724137931033	0.28448275862068967	0.23275862068965517
97	97	0.18617021276595744	0.28191489361702127	0.28191489361702127	0.25
98	98	0.27976190476190477	0.20833333333333334	0.23214285714285715	0.27976190476190477
99	99	0.057622504537205084	0.18647912885662432	0.6075317604355717	0.1483666061705989
100	100	0.164	0.228	0.42	0.188
101	101	0.24666666666666667	0.20666666666666667	0.23333333333333334	0.31333333333333335
102	102	0.10129310344827586	0.2435344827586207	0.4073275862068966	0.2478448275862069
103	103	0.14150943396226415	0.11006289308176101	0.46855345911949686	0.279874213836478
104	104	0.14772727272727273	0.2689393939393939	0.42803030303030304	0.1553030303030303
105	105	0.21830985915492956	0.21830985915492956	0.34507042253521125	0.21830985915492956
106	106	0.22727272727272727	0.22727272727272727	0.3181818181818182	0.22727272727272727
107	107	0.20833333333333334	0.19642857142857142	0.375	0.22023809523809523
108	108	0.05916775032509753	0.22171651495448635	0.5182054616384916	0.20091027308192458
109	109	0.19117647058823528	0.16176470588235295	0.2107843137254902	0.4362745098039216
110	110	0.1853932584269663	0.21910112359550563	0.29775280898876405	0.29775280898876405
111	111	0.15760869565217392	0.1793478260869565	0.44021739130434784	0.22282608695652173
112	112	0.2548076923076923	0.16826923076923078	0.40865384615384615	0.16826923076923078
113	113	0.15140845070422534	0.15845070422535212	0.4119718309859155	0.27816901408450706
114	114	0.10479041916167664	0.26047904191616766	0.47604790419161674	0.15868263473053892
115	115	0.046540567446490794	0.08685913389746143	0.7060726729716277	0.1605276256844201
116	116	0.20673076923076922	0.22596153846153846	0.14903846153846154	0.4182692307692308
117	117	0.2890625	0.2265625	0.2109375	0.2734375
118	118	0.2773972602739726	0.3664383561643836	0.16095890410958905	0.1952054794520548
119	119	0.16666666666666666	0.23708920187793428	0.1807511737089202	0.4154929577464789
120	120	0.25892857142857145	0.24107142857142858	0.24107142857142858	0.25892857142857145
121	121	0.20714285714285716	0.2642857142857143	0.2357142857142857	0.29285714285714287
122	122	0.2803030303030303	0.25	0.2196969696969697	0.25
123	123	0.1360759493670886	0.17405063291139242	0.5474683544303798	0.14240506329113925
124	124	0.24166666666666667	0.275	0.25833333333333336	0.225
125	125	0.19300911854103345	0.1656534954407295	0.46656534954407297	0.17477203647416414
126	126	0.24098360655737705	0.2836065573770492	0.2836065573770492	0.1918032786885246
127	127	0.2013888888888889	0.3125	0.22916666666666666	0.2569444444444444
128	128	0.19072164948453607	0.3865979381443299	0.23195876288659795	0.19072164948453607
129	129	0.39166666666666666	0.30833333333333335	0.19722222222222222	0.10277777777777777
130	130	0.2596899224806202	0.29069767441860467	0.1744186046511628	0.2751937984496124
131	131	0.3131868131868132	0.25824175824175827	0.17032967032967034	0.25824175824175827
132	132	0.30691964285714285	0.3002232142857143	0.23325892857142858	0.15959821428571427
133	133	0.29098360655737704	0.3073770491803279	0.1598360655737705	0.24180327868852458
134	134	0.2514450867052023	0.41329479768786126	0.18786127167630057	0.14739884393063585
135	135	0.1478494623655914	0.260752688172043	0.1586021505376344	0.4327956989247312
136	136	0.23387096774193547	0.23387096774193547	0.23387096774193547	0.29838709677419356
137	137	0.21864406779661016	0.3474576271186441	0.3440677966101695	0.08983050847457627
138	138	0.18316831683168316	0.20297029702970298	0.2524752475247525	0.3613861386138614
139	139	0.24431818181818182	0.3125	0.1875	0.2556818181818182
140	140	0.254601226993865	0.2791411042944785	0.1687116564417178	0.29754601226993865
141	141	0.15364583333333334	0.0859375	0.3723958333333333	0.3880208333333333
142	142	0.24152542372881355	0.3516949152542373	0.1483050847457627	0.2584745762711864
143	143	0.1423076923076923	0.1423076923076923	0.3038461538461538	0.4115384615384615
144	144	0.28225806451612906	0.20161290322580644	0.23387096774193547	0.28225806451612906
145	145	0.3798076923076923	0.1971153846153846	0.15865384615384615	0.2644230769230769
146	146	0.19467325645249864	0.08484349258649095	0.5472267984623833	0.17325645249862712
147	147	0.25595238095238093	0.23214285714285715	0.25595238095238093	0.25595238095238093
148	148	0.2899965445749827	0.1139426399447132	0.4821181755355909	0.1139426399447132
149	149	0.38484848484848483	0.2818181818181818	0.1303030303030303	0.20303030303030303
150	150	0.3202247191011236	0.19662921348314608	0.20786516853932585	0.2752808988764045
151	151	0.14642857142857144	0.18928571428571428	0.24642857142857144	0.41785714285714287
152	152	0.22321428571428573	0.22321428571428573	0.2767857142857143	0.2767857142857143
153	153	0.2803030303030303	0.1893939393939394	0.23484848484848486	0.29545454545454547
154	154	0.07298136645962733	0.10714285714285714	0.5046583850931677	0.31521739130434784
155	155	0.29838709677419356	0.28225806451612906	0.20161290322580644	0.21774193548387097
156	156	0.20149253731343283	0.21641791044776118	0.23134328358208955	0.35074626865671643
157	157	0.1388888888888889	0.21666666666666667	0.38333333333333336	0.2611111111111111
158	158	0.1987179487179487	0.25	0.3269230769230769	0.22435897435897437
159	159	0.1774193548387097	0.34946236559139787	0.22043010752688172	0.25268817204301075
160	160	0.2627118644067797	0.2288135593220339	0.2627118644067797	0.2457627118644068
161	161	0.18156424581005587	0.17039106145251395	0.23743016759776536	0.4106145251396648
162	162	0.3541666666666667	0.20416666666666666	0.29583333333333334	0.14583333333333334
163	163	0.2632850241545894	0.10386473429951691	0.3888888888888889	0.24396135265700483
164	164	0.19724770642201836	0.14220183486238533	0.3623853211009174	0.2981651376146789
165	165	0.22297297297297297	0.19594594594594594	0.2635135135135135	0.31756756756756754
166	166	0.3304093567251462	0.30116959064327486	0.15497076023391812	0.2134502923976608
167	167	0.2619047619047619	0.2619047619047619	0.2619047619047619	0.21428571428571427
168	168	0.19791666666666666	0.14791666666666667	0.45208333333333334	0.20208333333333334
169	169	0.1141826923076923	0.1622596153846154	0.0829326923076923	0.640625
170	170	0.20454545454545456	0.3712121212121212	0.1893939393939394	0.23484848484848486
171	171	0.3515625	0.2265625	0.2109375	0.2109375
172	172	0.21084337349397592	0.3674698795180723	0.18674698795180722	0.23493975903614459
173	173	0.25	0.23275862068965517	0.21551724137931033	0.3017241379310345
174	174	0.286144578313253	0.22590361445783133	0.1897590361445783	0.29819277108433734
175	175	0.10115606936416185	0.28034682080924855	0.18786127167630057	0.430635838150289
176	176	0.1893939393939394	0.32575757575757575	0.23484848484848486	0.25
177	177	0.2421875	0.2109375	0.2890625	0.2578125
178	178	0.15878378378378377	0.32094594594594594	0.23310810810810811	0.28716216216216217
179	179	0.23717948717948717	0.1987179487179487	0.21153846153846154	0.3525641025641026
180	180	0.29775280898876405	0.28651685393258425	0.1853932584269663	0.2303370786516854
181	181	0.2357142857142857	0.2785714285714286	0.2785714285714286	0.20714285714285716
182	182	0.19736842105263158	0.12719298245614036	0.2324561403508772	0.44298245614035087
183	183	0.24107142857142858	0.3125	0.22321428571428573	0.22321428571428573
184	184	0.2532467532467532	0.17532467532467533	0.2532467532467532	0.3181818181818182
185	185	0.2627118644067797	0.2288135593220339	0.211864406779661	0.2966101694915254
186	186	0.16489361702127658	0.25	0.2393617021276596	0.34574468085106386
187	187	0.21323529411764705	0.27205882352941174	0.18382352941176472	0.33088235294117646
188	188	0.24295774647887325	0.23591549295774647	0.15845070422535212	0.3626760563380282
189	189	0.13909774436090225	0.23684210526315788	0.35714285714285715	0.2669172932330827
190	190	0.21323529411764705	0.21323529411764705	0.22794117647058823	0.34558823529411764
191	191	0.3391544117647059	0.12224264705882353	0.24540441176470587	0.2931985294117647
192	192	0.3442211055276382	0.18341708542713567	0.20854271356783918	0.2638190954773869
193	193	0.13959390862944163	0.10913705583756345	0.2614213197969543	0.48984771573604063
194	194	0.13782051282051283	0.20833333333333334	0.15064102564102563	0.5032051282051282
195	195	0.26595744680851063	0.24468085106382978	0.1950354609929078	0.29432624113475175
196	196	0.2196969696969697	0.2196969696969697	0.23484848484848486	0.32575757575757575
197	197	0.1893939393939394	0.2803030303030303	0.25	0.2803030303030303
198	198	0.16666666666666666	0.10377358490566038	0.22327044025157233	0.5062893081761006
199	199	0.21578947368421053	0.09298245614035087	0.3175438596491228	0.3736842105263158
200	200	0.20394736842105263	0.19078947368421054	0.29605263157894735	0.3092105263157895
201	201	0.14779874213836477	0.16037735849056603	0.5251572327044025	0.16666666666666666
202	202	0.2540983606557377	0.2540983606557377	0.23770491803278687	0.2540983606557377
203	203	0.16990291262135923	0.4223300970873786	0.16990291262135923	0.23786407766990292
204	204	0.21071428571428572	0.16071428571428573	0.18928571428571428	0.4392857142857143
205	205	0.29704797047970477	0.09040590405904059	0.07564575645756458	0.5369003690036901
206	206	0.18243243243243243	0.22297297297297297	0.22297297297297297	0.3716216216216216
207	207	0.21929824561403508	0.2719298245614035	0.23684210526315788	0.2719298245614035
208	208	0.10479041916167664	0.18263473053892215	0.23652694610778444	0.47604790419161674
209	209	0.2540983606557377	0.23770491803278687	0.23770491803278687	0.27049180327868855
210	210	0.1090515166104959	0.068608570052961	0.7108810784785748	0.11145883485796822
211	211	0.2777777777777778	0.16666666666666666	0.3309178743961353	0.2246376811594203
212	212	0.10892857142857143	0.10178571428571428	0.2375	0.5517857142857143
213	213	0.23972602739726026	0.3082191780821918	0.22602739726027396	0.22602739726027396
214	214	0.064822460776218	0.10858794384805945	0.6948802642444261	0.13170933113129646
215	215	0.1576923076923077	0.15	0.3423076923076923	0.35
216	216	0.3141025641025641	0.22435897435897437	0.23717948717948717	0.22435897435897437
217	217	0.09926470588235294	0.17279411764705882	0.5183823529411765	0.20955882352941177
218	218	0.21328671328671328	0.32517482517482516	0.2972027972027972	0.16433566433566432
219	219	0.08555133079847908	0.17680608365019013	0.526615969581749	0.21102661596958175
220	220	0.21014492753623187	0.32608695652173914	0.2391304347826087	0.2246376811594203
221	221	0.2014218009478673	0.3815165876777251	0.0971563981042654	0.31990521327014215
222	222	0.18795620437956204	0.43613138686131386	0.11496350364963503	0.26094890510948904
223	223	0.19230769230769232	0.3153846153846154	0.23846153846153847	0.25384615384615383
224	224	0.28308823529411764	0.4007352941176471	0.14338235294117646	0.17279411764705882
225	225	0.2619047619047619	0.23015873015873015	0.24603174603174602	0.2619047619047619
226	226	0.13679245283018868	0.32547169811320753	0.17452830188679244	0.3632075471698113
227	227	0.3802910052910053	0.39616402116402116	0.08796296296296297	0.13558201058201058
228	228	0.3835227272727273	0.3380681818181818	0.11079545454545454	0.16761363636363635
229	229	0.21084337349397592	0.3433734939759036	0.1746987951807229	0.2710843373493976
230	230	0.3367103694874851	0.36531585220500595	0.032777115613825986	0.26519666269368297
231	231	0.1793478260869565	0.3423913043478261	0.14673913043478262	0.33152173913043476
232	232	0.19014084507042253	0.24647887323943662	0.19014084507042253	0.3732394366197183
233	233	0.21641791044776118	0.26119402985074625	0.20149253731343283	0.3208955223880597
234	234	0.23684210526315788	0.2543859649122807	0.23684210526315788	0.2719298245614035
235	235	0.25636363636363635	0.34363636363636363	0.13272727272727272	0.2672727272727273
236	236	0.4132	0.334	0.0812	0.1716
237	237	0.2692307692307692	0.19230769230769232	0.2230769230769231	0.3153846153846154
238	238	0.27325581395348836	0.22674418604651161	0.18023255813953487	0.31976744186046513
239	239	0.244	0.148	0.452	0.156
240	240	0.1576797385620915	0.22303921568627452	0.10049019607843138	0.5187908496732027
241	241	0.28823529411764703	0.18235294117647058	0.20588235294117646	0.3235294117647059
242	242	0.13694852941176472	0.24724264705882354	0.1130514705882353	0.5027573529411765
243	243	0.1781609195402299	0.29310344827586204	0.23563218390804597	0.29310344827586204
244	244	0.20440251572327045	0.2169811320754717	0.19811320754716982	0.3805031446540881
245	245	0.15656565656565657	0.4595959595959596	0.18686868686868688	0.19696969696969696
246	246	0.20707070707070707	0.16666666666666666	0.3484848484848485	0.2777777777777778
247	247	0.11395348837209303	0.2069767441860465	0.4813953488372093	0.19767441860465115
248	248	0.1527777777777778	0.18981481481481483	0.20833333333333334	0.44907407407407407
249	249	0.2288135593220339	0.2457627118644068	0.2457627118644068	0.2796610169491525
250	250	0.2152777777777778	0.2013888888888889	0.3819444444444444	0.2013888888888889
251	251	0.23684210526315788	0.2543859649122807	0.2894736842105263	0.21929824561403508
252	252	0.25	0.21774193548387097	0.2661290322580645	0.2661290322580645
253	253	0.14622641509433962	0.19339622641509435	0.32547169811320753	0.33490566037735847
254	254	0.2246376811594203	0.2971014492753623	0.2391304347826087	0.2391304347826087
255	255	0.5546448087431693	0.1830601092896175	0.11748633879781421	0.1448087431693989
256	256	0.2672955974842767	0.20440251572327045	0.3805031446540881	0.14779874213836477
257	257	0.1883308714918759	0.04357459379615953	0.5369276218611522	0.2311669128508124
258	258	0.1331877729257642	0.14192139737991266	0.12008733624454149	0.6048034934497817
259	259	0.1525974025974026	0.17207792207792208	0.19805194805194806	0.4772727272727273
260	260	0.24350986500519212	0.3494288681204569	0.34735202492211836	0.05970924195223261
261	261	0.2196969696969697	0.29545454545454547	0.2196969696969697	0.26515151515151514
262	262	0.2534246575342466	0.21232876712328766	0.21232876712328766	0.3219178082191781
263	263	0.5717213114754098	0.17008196721311475	0.13729508196721313	0.12090163934426229
264	264	0.14761904761904762	0.3761904761904762	0.15714285714285714	0.319047619047619
265	265	0.18146503884572698	0.23806881243063263	0.21032186459489458	0.37014428412874584
266	266	0.13028169014084506	0.1936619718309859	0.17253521126760563	0.5035211267605634
267	267	0.2619047619047619	0.24285714285714285	0.20476190476190476	0.2904761904761905
268	268	0.155	0.145	0.185	0.515
269	269	0.25	0.26851851851851855	0.25	0.23148148148148148
270	270	0.2855191256830601	0.21448087431693988	0.3237704918032787	0.1762295081967213
271	271	0.3894230769230769	0.1875	0.1875	0.23557692307692307
272	272	0.23015873015873015	0.24603174603174602	0.2777777777777778	0.24603174603174602
273	273	0.2818181818181818	0.22727272727272727	0.24545454545454545	0.24545454545454545
274	274	0.1261061946902655	0.046460176991150445	0.2721238938053097	0.5553097345132744
275	275	0.3802083333333333	0.265625	0.203125	0.15104166666666666
276	276	0.28448275862068967	0.23275862068965517	0.21551724137931033	0.2672413793103448
277	277	0.30200222469410454	0.2986651835372636	0.3620689655172414	0.03726362625139043
278	278	0.2601123595505618	0.150374531835206	0.5102996254681648	0.07921348314606741
279	279	0.20673076923076922	0.3894230769230769	0.15865384615384615	0.24519230769230768
280	280	0.2578125	0.2734375	0.2109375	0.2578125
281	281	0.5092307692307693	0.26	0.09076923076923077	0.14
282	282	0.26258992805755393	0.12589928057553956	0.1474820143884892	0.46402877697841727
283	283	0.20894160583941607	0.07572992700729927	0.5191605839416058	0.19616788321167883
284	284	0.2196969696969697	0.2196969696969697	0.26515151515151514	0.29545454545454547
285	285	0.1778846153846154	0.3701923076923077	0.15865384615384615	0.2932692307692308
286	286	0.19473684210526315	0.20526315789473684	0.19473684210526315	0.4052631578947368
287	287	0.3786231884057971	0.1503623188405797	0.29528985507246375	0.17572463768115942
288	288	0.24339622641509434	0.39433962264150946	0.10754716981132076	0.25471698113207547
289	289	0.25	0.2661290322580645	0.23387096774193547	0.25
290	290	0.20445344129554655	0.1882591093117409	0.15182186234817813	0.45546558704453444
291	291	0.31212121212121213	0.27575757575757576	0.1484848484848485	0.2636363636363636
292	292	0.13871951219512196	0.2759146341463415	0.4954268292682927	0.0899390243902439
293	293	0.25	0.20454545454545456	0.2196969696969697	0.32575757575757575
294	294	0.24157303370786518	0.20786516853932585	0.20786516853932585	0.34269662921348315
295	295	0.24107142857142858	0.24107142857142858	0.25892857142857145	0.25892857142857145
296	296	0.24766355140186916	0.3411214953271028	0.1822429906542056	0.22897196261682243
297	297	0.1558139534883721	0.27209302325581397	0.09534883720930233	0.47674418604651164
298	298	0.19924812030075187	0.19172932330827067	0.16917293233082706	0.4398496240601504
299	299	0.23148148148148148	0.25	0.25	0.26851851851851855
300	300	0.17253521126760563	0.2007042253521127	0.20774647887323944	0.41901408450704225
301	301	0.3247422680412371	0.15979381443298968	0.25257731958762886	0.26288659793814434
302	302	0.2540983606557377	0.2540983606557377	0.23770491803278687	0.2540983606557377
303	303	0.21341463414634146	0.16463414634146342	0.2621951219512195	0.3597560975609756
304	304	0.2636363636363636	0.24545454545454545	0.2636363636363636	0.22727272727272727
305	305	0.25257731958762886	0.22164948453608246	0.17010309278350516	0.3556701030927835
306	306	0.30288461538461536	0.21634615384615385	0.1778846153846154	0.30288461538461536
307	307	0.2556818181818182	0.1875	0.2556818181818182	0.30113636363636365
308	308	0.24603174603174602	0.2777777777777778	0.24603174603174602	0.23015873015873015
309	309	0.21264367816091953	0.3275862068965517	0.15517241379310345	0.3045977011494253
310	310	0.19886363636363635	0.23295454545454544	0.19886363636363635	0.3693181818181818
311	311	0.211864406779661	0.2966101694915254	0.211864406779661	0.2796610169491525
312	312	0.06271186440677966	0.11016949152542373	0.14067796610169492	0.6864406779661016
313	313	0.2537037037037037	0.12407407407407407	0.1537037037037037	0.4685185185185185
314	314	0.3322784810126582	0.14240506329113925	0.370253164556962	0.1550632911392405
315	315	0.15648854961832062	0.3473282442748092	0.14122137404580154	0.3549618320610687
316	316	0.30677966101694915	0.1271186440677966	0.1711864406779661	0.3949152542372881
317	317	0.22727272727272727	0.21717171717171718	0.19696969696969696	0.35858585858585856
318	318	0.2605633802816901	0.2887323943661972	0.20422535211267606	0.24647887323943662
319	319	0.07413249211356467	0.16246056782334384	0.2665615141955836	0.4968454258675079
320	320	0.4041666666666667	0.17083333333333334	0.2708333333333333	0.15416666666666667
321	321	0.28212290502793297	0.25977653631284914	0.17039106145251395	0.2877094972067039
322	322	0.24074074074074073	0.3271604938271605	0.15432098765432098	0.2777777777777778
323	323	0.31443298969072164	0.15979381443298968	0.27319587628865977	0.25257731958762886
324	324	0.23275862068965517	0.28448275862068967	0.23275862068965517	0.25
325	325	0.3148148148148148	0.16344605475040258	0.23107890499194847	0.29066022544283415
326	326	0.19158878504672897	0.2570093457943925	0.26635514018691586	0.2850467289719626
327	327	0.25935828877005346	0.16310160427807488	0.19518716577540107	0.38235294117647056
328	328	0.18396226415094338	0.17452830188679244	0.2971698113207547	0.3443396226415094
329	329	0.19285714285714287	0.29285714285714287	0.20714285714285716	0.30714285714285716
330	330	0.03767391730354693	0.05472271213011954	0.17680776014109348	0.7307956104252401
331	331	0.3968531468531469	0.28846153846153844	0.1381118881118881	0.17657342657342656
332	332	0.23039215686274508	0.18137254901960784	0.3088235294117647	0.27941176470588236
333	333	0.2578125	0.2734375	0.2109375	0.2578125
334	334	0.3580729166666667	0.26171875	0.22526041666666666	0.15494791666666666
335	335	0.42385786802030456	0.19035532994923857	0.23604060913705585	0.14974619289340102
336	336	0.19160583941605838	0.2354014598540146	0.40693430656934304	0.16605839416058393
337	337	0.05774348057477382	0.08861096327833955	0.03964874933475253	0.8139968068121342
338	338	0.3287037037037037	0.18981481481481483	0.18055555555555555	0.30092592592592593
339	339	0.1864864864864865	0.21891891891891893	0.28378378378378377	0.3108108108108108
340	340	0.33431758530183725	0.3054461942257218	0.2929790026246719	0.06725721784776903
341	341	0.21308016877637131	0.3987341772151899	0.08227848101265822	0.3059071729957806
342	342	0.13321799307958476	0.10899653979238755	0.09515570934256055	0.6626297577854672
343	343	0.40304295942720764	0.13394988066825775	0.43824582338902146	0.024761336515513127
344	344	0.32575757575757575	0.2079124579124579	0.4015151515151515	0.06481481481481481
345	345	0.260941960038059	0.0692197906755471	0.6462892483349191	0.023549000951474785
346	346	0.20996978851963746	0.06797583081570997	0.5996978851963746	0.12235649546827794
347	347	0.05636847356168939	0.1411706019288327	0.04107083471898903	0.7613900897904888
348	348	0.3519675202998126	0.1914428482198626	0.3975640224859463	0.05902560899437851
349	349	0.2143574297188755	0.046686746987951805	0.6591365461847389	0.07981927710843373
350	350	0.2734375	0.2109375	0.2265625	0.2890625
351	351	0.23061224489795917	0.16394557823129252	0.46598639455782315	0.13945578231292516
352	352	0.0880281690140845	0.1964788732394366	0.044366197183098595	0.6711267605633803
353	353	0.45398856520555403	0.057310100735093926	0.4493601960250476	0.03934113803430438
354	354	0.09703038674033149	0.05006906077348066	0.7910911602209945	0.06180939226519337
355	355	0.2441241685144124	0.09290465631929047	0.6188470066518847	0.044124168514412414
356	356	0.13293650793650794	0.1488095238095238	0.13690476190476192	0.5813492063492064
357	357	0.6371175820125322	0.2508293402137855	0.06137117582012532	0.05068190195355695
358	358	0.2889908256880734	0.17889908256880735	0.22477064220183487	0.3073394495412844
359	359	0.17577828397873957	0.03986332574031891	0.7095671981776766	0.074791192103265
360	360	0.39805320255610044	0.05179075642740377	0.5263040570664289	0.023851983950066876
361	361	0.15971705137751302	0.08823529411764706	0.6846612062546538	0.06738644825018615
362	362	0.4755620723362659	0.09628543499511241	0.3993157380254154	0.028836754643206255
363	363	0.08799126637554586	0.01462882096069869	0.36528384279475984	0.5320960698689956
364	364	0.49117647058823527	0.15	0.24411764705882352	0.11470588235294117
365	365	0.17410714285714285	0.38839285714285715	0.17410714285714285	0.26339285714285715
366	366	0.10645756457564576	0.06045510455104551	0.7156826568265683	0.11740467404674047
367	367	0.3342013888888889	0.1831597222222222	0.08072916666666667	0.4019097222222222
368	368	0.6467776203966006	0.12730169971671387	0.20555949008498584	0.020361189801699715
369	369	0.2462686567164179	0.20149253731343283	0.26119402985074625	0.291044776119403
370	370	0.1956521739130435	0.37577639751552794	0.13354037267080746	0.2950310559006211
371	371	0.11253561253561253	0.09259259259259259	0.29772079772079774	0.49715099715099714
372	372	0.06183326748320822	0.10845515606479653	0.050375345713156855	0.7793362307388384
373	373	0.4431578947368421	0.07263157894736842	0.2073684210526316	0.2768421052631579
374	374	0.5622157716497339	0.1382196419932269	0.2439767779390421	0.0555878084179971
375	375	0.2614942528735632	0.15804597701149425	0.13505747126436782	0.4454022988505747
376	376	0.12797619047619047	0.15773809523809523	0.22321428571428573	0.49107142857142855
377	377	0.23764829553987085	0.01749511938729539	0.7088902237573209	0.03596636131551284
378	378	0.3683359466875735	0.057967463739709915	0.5246471971775775	0.04904939239513916
379	379	0.42337164750957856	0.08237547892720307	0.23180076628352492	0.2624521072796935
380	380	0.5362249761677789	0.11010486177311725	0.3179218303145853	0.03574833174451859
381	381	0.4316005471956224	0.04856361149110807	0.3686730506155951	0.1511627906976744
382	382	0.6619786614936954	0.15955383123181377	0.10426770126091174	0.07419980601357905
383	383	0.5896946564885496	0.24618320610687022	0.10623409669211197	0.05788804071246819
384	384	0.35436893203883496	0.18932038834951456	0.24757281553398058	0.2087378640776699
385	385	0.34885386819484243	0.28724928366762176	0.0508595988538682	0.3130372492836676
386	386	0.5633640552995391	0.24539170506912442	0.097926267281106	0.09331797235023041
387	387	0.4471428571428571	0.07	0.31	0.17285714285714285
388	388	0.21428571428571427	0.36813186813186816	0.22527472527472528	0.19230769230769232
389	389	0.27898550724637683	0.09782608695652174	0.4528985507246377	0.17028985507246377
390	390	0.5621225194132873	0.19628990509059535	0.15918895599654875	0.08239861949956859
391	391	0.2067490494296578	0.08982889733840305	0.1535171102661597	0.5499049429657795
392	392	0.2392578125	0.2587890625	0.3916015625	0.1103515625
393	393	0.16141732283464566	0.20078740157480315	0.14566929133858267	0.4921259842519685
394	394	0.3983481575603558	0.3195679796696315	0.16836086404066072	0.11372299872935197
395	395	0.32730263157894735	0.2713815789473684	0.08717105263157894	0.31414473684210525
396	396	0.47193548387096773	0.09064516129032259	0.21258064516129033	0.22483870967741937
397	397	0.3581907090464548	0.1552567237163814	0.06723716381418093	0.4193154034229829
398	398	0.1322463768115942	0.19746376811594202	0.1503623188405797	0.519927536231884
399	399	0.061877667140825036	0.14295874822190613	0.11450924608819346	0.6806543385490754
400	400	0.24666666666666667	0.32666666666666666	0.22	0.20666666666666667
401	401	0.36379928315412186	0.15591397849462366	0.15949820788530467	0.3207885304659498
402	402	0.3481123792800702	0.0504828797190518	0.05662862159789289	0.5447761194029851
403	403	0.19966629588431592	0.10622914349276974	0.18631813125695218	0.5077864293659622
404	404	0.17272727272727273	0.4212121212121212	0.18484848484848485	0.22121212121212122
405	405	0.08653846153846154	0.08269230769230769	0.12115384615384615	0.7096153846153846
406	406	0.19285714285714287	0.15476190476190477	0.1357142857142857	0.5166666666666667
407	407	0.2046070460704607	0.26151761517615174	0.09620596205962059	0.43766937669376693
408	408	0.156	0.228	0.204	0.412
409	409	0.8272010512483574	0.032194480946123524	0.04664914586070959	0.09395532194480946
410	410	0.2555970149253731	0.14738805970149255	0.1287313432835821	0.46828358208955223
411	411	0.1451561504142766	0.02182919056724028	0.2127151051625239	0.6202995538559593
412	412	0.125	0.3419811320754717	0.125	0.4080188679245283
413	413	0.10915157292659676	0.5524308865586273	0.09199237368922783	0.24642516682554813
414	414	0.300314465408805	0.07075471698113207	0.360062893081761	0.2688679245283019
415	415	0.25	0.1524390243902439	0.25	0.3475609756097561
416	416	0.19375	0.02610294117647059	0.1738970588235294	0.60625
417	417	0.30186721991701243	0.12344398340248963	0.5238589211618258	0.0508298755186722
418	418	0.13580998781973203	0.04080389768574909	0.26492082825822166	0.5584652862362972
419	419	0.2295492487479132	0.05926544240400668	0.6652754590984975	0.045909849749582635
420	420	0.3063872255489022	0.10878243512974052	0.3263473053892216	0.25848303393213573
421	421	0.11869747899159663	0.08928571428571429	0.7006302521008403	0.09138655462184873
422	422	0.4020408163265306	0.24285714285714285	0.07959183673469387	0.2755102040816326
423	423	0.12383177570093458	0.21261682242990654	0.12383177570093458	0.5397196261682243
424	424	0.1096938775510204	0.2576530612244898	0.25255102040816324	0.38010204081632654
425	425	0.3703374777975133	0.05772646536412078	0.3650088809946714	0.2069271758436945
426	426	0.2692307692307692	0.1813186813186813	0.2802197802197802	0.2692307692307692
427	427	0.23125	0.19375	0.21875	0.35625
428	428	0.2578947368421053	0.21578947368421053	0.20526315789473684	0.32105263157894737
429	429	0.4725130890052356	0.1505235602094241	0.168848167539267	0.2081151832460733
430	430	0.18292682926829268	0.10975609756097561	0.4317073170731707	0.275609756097561
431	431	0.513953488372093	0.12325581395348838	0.12015503875968993	0.24263565891472869
432	432	0.3137931034482759	0.16206896551724137	0.1413793103448276	0.38275862068965516
433	433	0.19606684672518568	0.11369007427413909	0.12922012153950033	0.5610229574611749
434	434	0.23770491803278687	0.2540983606557377	0.2540983606557377	0.2540983606557377
435	435	0.1774193548387097	0.16359447004608296	0.0944700460829493	0.5645161290322581
436	436	0.6934931506849316	0.12157534246575342	0.08732876712328767	0.0976027397260274
437	437	0.10294117647058823	0.12394957983193278	0.19117647058823528	0.5819327731092437
438	438	0.11054421768707483	0.24319727891156462	0.141156462585034	0.5051020408163265
439	439	0.08516483516483517	0.17857142857142858	0.1620879120879121	0.5741758241758241
440	440	0.11858974358974358	0.16346153846153846	0.18269230769230768	0.5352564102564102
441	441	0.3926174496644295	0.17114093959731544	0.1912751677852349	0.24496644295302014
442	442	0.1858974358974359	0.23717948717948717	0.25	0.3269230769230769
443	443	0.26288659793814434	0.23195876288659795	0.19072164948453607	0.31443298969072164
444	444	0.26327433628318586	0.21460176991150443	0.09955752212389381	0.4225663716814159
445	445	0.10143198090692124	0.4148766905330151	0.07597454256165473	0.40771678599840894
446	446	0.1863905325443787	0.1863905325443787	0.12721893491124261	0.5
447	447	0.17307692307692307	0.5315674891146589	0.12010159651669086	0.17525399129172714
448	448	0.41116173120728927	0.08997722095671981	0.29954441913439633	0.19931662870159453
449	449	0.16988950276243095	0.6616022099447514	0.07596685082872928	0.0925414364640884
450	450	0.2076923076923077	0.33076923076923076	0.2076923076923077	0.25384615384615383
451	451	0.09568086382723455	0.7027594481103779	0.10467906418716257	0.09688062387522496
452	452	0.22277227722772278	0.23267326732673269	0.2524752475247525	0.29207920792079206
453	453	0.24895977808599168	0.5651872399445215	0.1144244105409154	0.07142857142857142
454	454	0.28748326639892907	0.04919678714859438	0.49832663989290493	0.16499330655957162
455	455	0.08622262773722628	0.7659671532846716	0.07071167883211679	0.0770985401459854
456	456	0.4292929292929293	0.22727272727272727	0.18686868686868688	0.15656565656565657
457	457	0.25	0.4876237623762376	0.1806930693069307	0.08168316831683169
458	458	0.11969696969696969	0.15	0.1409090909090909	0.5893939393939394
459	459	0.2308673469387755	0.04974489795918367	0.2895408163265306	0.4298469387755102
460	460	0.30597014925373134	0.21641791044776118	0.23134328358208955	0.2462686567164179
461	461	0.15	0.38076923076923075	0.1576923076923077	0.31153846153846154
462	462	0.28823529411764703	0.20588235294117646	0.19411764705882353	0.31176470588235294
463	463	0.15350877192982457	0.3347953216374269	0.07163742690058479	0.44005847953216376
464	464	0.14686311787072243	0.21245247148288973	0.5213878326996197	0.11929657794676807
465	465	0.1712962962962963	0.12808641975308643	0.2021604938271605	0.4984567901234568
466	466	0.15202702702702703	0.125	0.19256756756756757	0.5304054054054054
467	467	0.3192771084337349	0.21084337349397592	0.2710843373493976	0.19879518072289157
468	468	0.45930232558139533	0.31976744186046513	0.11434108527131782	0.1065891472868217
469	469	0.36261261261261263	0.20495495495495494	0.09234234234234234	0.3400900900900901
470	470	0.4666970802919708	0.39735401459854014	0.1062956204379562	0.029653284671532845
471	471	0.18292682926829268	0.33739837398373984	0.17479674796747968	0.3048780487804878
472	472	0.17548076923076922	0.21875	0.18990384615384615	0.41586538461538464
473	473	0.19830508474576272	0.6084745762711864	0.08983050847457627	0.10338983050847457
474	474	0.32751937984496127	0.12596899224806202	0.1375968992248062	0.40891472868217055
475	475	0.7603044931303379	0.037690308206461194	0.03991830672112885	0.16208689194207204
476	476	0.13769035532994925	0.6199238578680203	0.16560913705583757	0.07677664974619289
477	477	0.2796610169491525	0.211864406779661	0.2796610169491525	0.2288135593220339
478	478	0.3089887640449438	0.25280898876404495	0.17415730337078653	0.2640449438202247
479	479	0.5126404494382022	0.21301498127340823	0.23642322097378277	0.037921348314606744
480	480	0.21893626776707933	0.020403484640073362	0.7205410362219166	0.04011921137093077
481	481	0.1532258064516129	0.31451612903225806	0.08333333333333333	0.4489247311827957
482	482	0.5509259259259259	0.13425925925925927	0.14351851851851852	0.1712962962962963
483	483	0.3064516129032258	0.22258064516129034	0.11935483870967742	0.35161290322580646
484	484	0.1325581395348837	0.42093023255813955	0.1558139534883721	0.29069767441860467
485	485	0.336734693877551	0.2755102040816326	0.20068027210884354	0.1870748299319728
486	486	0.3411637931034483	0.10711206896551724	0.4954741379310345	0.05625
487	487	0.30660377358490565	0.36886792452830186	0.20849056603773586	0.1160377358490566
488	488	0.3338323353293413	0.23502994011976047	0.12125748502994012	0.30988023952095806
